Statistics after epoch 110:
Grass: 30.045454545454547
Animals: 52.263636363636365
Genome: 00001222223334444455556666666777
Energy: 41.464483523704324
LiveLength: 9.61302842182493
ChildrenAmount: 0.8853664870087953
