statistics after epoch 110:
Grass: 29.12727272727273
Animals: 54.67272727272727
Genome: 00011111222223344444455555666777
Energy: 41.10696859834352
LiveLength: 9.852289442564416
ChildrenAmount: 0.9445058727695359
